{
 "cells": [
  {
   "metadata": {},
   "cell_type": "markdown",
   "source": [
    "# 实验配置"
   ],
   "id": "4d27210fc9a7ffac"
  },
  {
   "metadata": {
    "ExecuteTime": {
     "end_time": "2025-10-07T13:14:37.771485700Z",
     "start_time": "2025-10-07T13:14:37.730867Z"
    }
   },
   "cell_type": "code",
   "source": [
    "import os\n",
    "python_path = \"/home/zyserver/miniconda3/envs/bcfl/bin/python\"\n",
    "if not os.path.exists(\"clients\"):\n",
    "    os.mkdir(\"clients\")\n",
    "if not os.path.exists(\"blocks\"):\n",
    "    os.mkdir(\"blocks\")\n",
    "\n",
    "producer_num = 1 # 区块生产者\n",
    "participator_num = 2 # 参与者数量"
   ],
   "id": "78913c21d89b107d",
   "outputs": [],
   "execution_count": 14
  },
  {
   "cell_type": "markdown",
   "source": [
    "## 切分数据集"
   ],
   "metadata": {
    "collapsed": false
   },
   "id": "b5a3b0113a6d5db7"
  },
  {
   "cell_type": "code",
   "execution_count": null,
   "outputs": [],
   "source": [
    "\n",
    "os.chdir(\"./data\")\n",
    "os.system(f\"{python_path} federated_data_extractor.py\")\n",
    "os.chdir(\"../\")\n",
    "\n",
    "# os.mkdir(\"\")"
   ],
   "metadata": {
    "collapsed": false,
    "ExecuteTime": {
     "start_time": "2025-10-07T13:09:25.158150700Z"
    }
   },
   "id": "3c6d2e439c774d5f"
  },
  {
   "metadata": {
    "is_executing": true,
    "ExecuteTime": {
     "start_time": "2025-10-07T13:14:44.845039400Z"
    }
   },
   "cell_type": "code",
   "source": [
    "import subprocess\n",
    "import threading\n",
    "import datetime\n",
    "import time\n",
    "\n",
    "def read_output(name, proc):\n",
    "    for line in iter(proc.stdout.readline, ''):\n",
    "        print(f\"{datetime.datetime.now()}-[{name}][-]: {line}\", end='')  # 实时打印输出\n",
    "        \n",
    "def create_thread(name, command):\n",
    "    # 使用 subprocess.Popen 启动进程，同时捕获标准输出和标准错误\n",
    "    process = subprocess.Popen(\n",
    "        command,\n",
    "        stdout=subprocess.PIPE,  # 重定向标准输出到管道\n",
    "        stderr=subprocess.STDOUT, # 将标准错误也重定向到标准输出\n",
    "        universal_newlines=True  # 确保输出文本模式\n",
    "    )\n",
    "    \n",
    "    # 创建一个线程来读取输出，避免阻塞主线程\n",
    "    output_thread = threading.Thread(target=read_output, args=(name, process,))\n",
    "    output_thread.daemon = True  # 设置为守护线程，当主线程结束时自动退出\n",
    "    output_thread.start()\n",
    "    return output_thread\n",
    "# 定义一个函数来持续读取输出\n",
    "\n",
    "\n",
    "# 创建生产者服务器进程\n",
    "\n",
    "threads = []\n",
    "t = create_thread(\"Miner\", [python_path, \"miner.py\", \"-g\", \"1\", \"-l\", \"2\"])\n",
    "time.sleep(2)\n",
    "threads.append(t)\n",
    "for i in range(2):\n",
    "    t = create_thread(f\"Client_{i}\", [python_path, \"client.py\", \"-d\", f\"data/federated_data_{i}.d\"])\n",
    "    threads.append(t)\n",
    "\n",
    "for t in threads:\n",
    "    t.join()"
   ],
   "id": "44dbab3be208f312",
   "outputs": [
    {
     "name": "stdout",
     "output_type": "stream",
     "text": [
      "2025-10-07 21:14:47.666041-[Miner][-]: base model accuracy: 0.1014\n",
      "2025-10-07 21:14:47.667036-[Miner][-]:  * Serving Flask app 'miner'\n",
      "2025-10-07 21:14:47.667063-[Miner][-]:  * Debug mode: off\n",
      "2025-10-07 21:14:47.668490-[Miner][-]: WARNING: This is a development server. Do not use it in a production deployment. Use a production WSGI server instead.\n",
      "2025-10-07 21:14:47.668508-[Miner][-]:  * Running on http://127.0.0.1:5000\n",
      "2025-10-07 21:14:47.668542-[Miner][-]: Press CTRL+C to quit\n",
      "2025-10-07 21:14:49.163544-[Miner][-]: 127.0.0.1 - - [07/Oct/2025 21:14:49] \"GET /status HTTP/1.1\" 200 -\n",
      "2025-10-07 21:14:49.165789-[Miner][-]: 127.0.0.1 - - [07/Oct/2025 21:14:49] \"GET /chain HTTP/1.1\" 200 -\n",
      "2025-10-07 21:14:49.192629-[Miner][-]: 127.0.0.1 - - [07/Oct/2025 21:14:49] \"POST /model HTTP/1.1\" 200 -\n",
      "2025-10-07 21:14:49.194230-[Miner][-]: 127.0.0.1 - - [07/Oct/2025 21:14:49] \"GET /status HTTP/1.1\" 200 -\n",
      "2025-10-07 21:14:49.211306-[Miner][-]: 127.0.0.1 - - [07/Oct/2025 21:14:49] \"GET /chain HTTP/1.1\" 200 -\n",
      "2025-10-07 21:14:49.239599-[Miner][-]: 127.0.0.1 - - [07/Oct/2025 21:14:49] \"POST /model HTTP/1.1\" 200 -\n",
      "2025-10-07 21:14:53.448445-[Miner][-]: 127.0.0.1 - - [07/Oct/2025 21:14:53] \"POST /transactions/new HTTP/1.1\" 201 -\n",
      "2025-10-07 21:14:53.452120-[Miner][-]: 127.0.0.1 - - [07/Oct/2025 21:14:53] \"GET /status HTTP/1.1\" 200 -\n",
      "2025-10-07 21:14:53.657053-[Miner][-]: 127.0.0.1 - - [07/Oct/2025 21:14:53] \"POST /transactions/new HTTP/1.1\" 201 -\n",
      "2025-10-07 21:14:53.660777-[Miner][-]: 127.0.0.1 - - [07/Oct/2025 21:14:53] \"GET /status HTTP/1.1\" 200 -\n",
      "2025-10-07 21:14:57.748761-[Miner][-]: mining 60793000\n",
      "2025-10-07 21:14:57.749033-[Miner][-]: mining 60794000\n",
      "2025-10-07 21:14:57.749089-[Miner][-]: mining 60795000\n",
      "2025-10-07 21:14:57.749124-[Miner][-]: mining 60796000\n",
      "2025-10-07 21:14:57.749157-[Miner][-]: mining 60797000\n",
      "2025-10-07 21:14:57.749188-[Miner][-]: mining 60798000\n",
      "2025-10-07 21:14:57.749220-[Miner][-]: mining 60799000\n",
      "2025-10-07 21:14:57.749252-[Miner][-]: mining 60800000\n",
      "2025-10-07 21:14:57.749287-[Miner][-]: mining 60801000\n",
      "2025-10-07 21:14:57.749354-[Miner][-]: mining 60802000\n",
      "2025-10-07 21:14:57.749388-[Miner][-]: mining 60803000\n",
      "2025-10-07 21:14:57.749428-[Miner][-]: mining 60804000\n",
      "2025-10-07 21:14:57.749459-[Miner][-]: mining 60805000\n",
      "2025-10-07 21:14:57.749490-[Miner][-]: mining 60806000\n",
      "2025-10-07 21:14:57.749528-[Miner][-]: mining 60807000\n",
      "2025-10-07 21:14:57.749558-[Miner][-]: mining 60808000\n",
      "2025-10-07 21:14:57.749588-[Miner][-]: mining 60809000\n",
      "2025-10-07 21:14:57.749619-[Miner][-]: mining 60810000\n",
      "2025-10-07 21:14:57.749648-[Miner][-]: mining 60811000\n",
      "2025-10-07 21:14:57.749678-[Miner][-]: mining 60812000\n",
      "2025-10-07 21:14:57.749707-[Miner][-]: mining 60813000\n",
      "2025-10-07 21:14:57.749738-[Miner][-]: mining 60814000\n",
      "2025-10-07 21:14:57.749767-[Miner][-]: mining 60815000\n",
      "2025-10-07 21:14:57.749797-[Miner][-]: mining 60816000\n",
      "2025-10-07 21:14:57.749826-[Miner][-]: mining 60817000\n",
      "2025-10-07 21:14:57.749858-[Miner][-]: mining 60818000\n",
      "2025-10-07 21:14:57.749889-[Miner][-]: mining 60819000\n",
      "2025-10-07 21:14:57.749919-[Miner][-]: mining 60820000\n",
      "2025-10-07 21:14:57.749948-[Miner][-]: mining 60821000\n",
      "2025-10-07 21:14:57.749979-[Miner][-]: mining 60822000\n",
      "2025-10-07 21:14:57.750009-[Miner][-]: mining 60823000\n",
      "2025-10-07 21:14:57.750038-[Miner][-]: mining 60824000\n",
      "2025-10-07 21:14:57.750067-[Miner][-]: mining 60825000\n",
      "2025-10-07 21:14:57.750097-[Miner][-]: mining 60826000\n",
      "2025-10-07 21:14:57.750128-[Miner][-]: mining 60827000\n",
      "2025-10-07 21:14:57.750157-[Miner][-]: mining 60828000\n",
      "2025-10-07 21:14:57.750187-[Miner][-]: mining 60829000\n",
      "2025-10-07 21:14:57.750218-[Miner][-]: mining 60830000\n",
      "2025-10-07 21:14:57.750248-[Miner][-]: mining 60831000\n",
      "2025-10-07 21:14:57.750277-[Miner][-]: mining 60832000\n",
      "2025-10-07 21:14:57.750318-[Miner][-]: mining 60833000\n",
      "2025-10-07 21:14:57.750348-[Miner][-]: mining 60834000\n",
      "2025-10-07 21:14:57.750378-[Miner][-]: mining 60835000\n",
      "2025-10-07 21:14:57.750408-[Miner][-]: mining 60836000\n",
      "2025-10-07 21:14:57.750438-[Miner][-]: mining 60837000\n",
      "2025-10-07 21:14:57.750467-[Miner][-]: mining 60838000\n",
      "2025-10-07 21:14:57.750497-[Miner][-]: mining 60839000\n",
      "2025-10-07 21:14:57.750527-[Miner][-]: mining 60840000\n",
      "2025-10-07 21:14:57.750557-[Miner][-]: mining 60841000\n",
      "2025-10-07 21:14:57.750588-[Miner][-]: mining 60842000\n",
      "2025-10-07 21:14:57.750617-[Miner][-]: mining 60843000\n",
      "2025-10-07 21:14:57.750647-[Miner][-]: mining 60844000\n",
      "2025-10-07 21:14:57.750676-[Miner][-]: mining 60845000\n",
      "2025-10-07 21:14:57.750706-[Miner][-]: mining 60846000\n",
      "2025-10-07 21:14:57.750735-[Miner][-]: mining 60847000\n",
      "2025-10-07 21:14:57.750765-[Miner][-]: mining 60848000\n",
      "2025-10-07 21:14:57.750794-[Miner][-]: mining 60849000\n",
      "2025-10-07 21:14:57.750824-[Miner][-]: mining 60850000\n",
      "2025-10-07 21:14:57.750853-[Miner][-]: mining 60851000\n",
      "2025-10-07 21:14:57.750885-[Miner][-]: mining 60852000\n",
      "2025-10-07 21:14:57.750914-[Miner][-]: mining 60853000\n",
      "2025-10-07 21:14:57.750945-[Miner][-]: mining 60854000\n",
      "2025-10-07 21:14:57.750974-[Miner][-]: mining 60855000\n",
      "2025-10-07 21:14:57.751004-[Miner][-]: mining 60856000\n",
      "2025-10-07 21:14:57.751033-[Miner][-]: mining 60857000\n",
      "2025-10-07 21:14:57.751063-[Miner][-]: mining 60858000\n",
      "2025-10-07 21:14:57.751093-[Miner][-]: mining 60859000\n",
      "2025-10-07 21:14:57.751123-[Miner][-]: mining 60860000\n",
      "2025-10-07 21:14:57.751153-[Miner][-]: mining 60861000\n",
      "2025-10-07 21:14:57.751183-[Miner][-]: mining 60862000\n",
      "2025-10-07 21:14:57.751212-[Miner][-]: mining 60863000\n",
      "2025-10-07 21:14:57.751242-[Miner][-]: mining 60864000\n",
      "2025-10-07 21:14:57.751271-[Miner][-]: mining 60865000\n",
      "2025-10-07 21:14:57.751307-[Miner][-]: mining 60866000\n",
      "2025-10-07 21:14:57.751338-[Miner][-]: mining 60867000\n",
      "2025-10-07 21:14:57.751368-[Miner][-]: mining 60868000\n",
      "2025-10-07 21:14:57.751398-[Miner][-]: mining 60869000\n",
      "2025-10-07 21:14:57.751427-[Miner][-]: mining 60870000\n",
      "2025-10-07 21:14:57.751456-[Miner][-]: mining 60871000\n",
      "2025-10-07 21:14:57.751487-[Miner][-]: mining 60872000\n",
      "2025-10-07 21:14:57.751517-[Miner][-]: mining 60873000\n",
      "2025-10-07 21:14:57.751546-[Miner][-]: mining 60874000\n",
      "2025-10-07 21:14:57.751576-[Miner][-]: mining 60875000\n",
      "2025-10-07 21:14:57.751606-[Miner][-]: mining 60876000\n",
      "2025-10-07 21:14:57.751635-[Miner][-]: mining 60877000\n",
      "2025-10-07 21:14:57.751665-[Miner][-]: mining 60878000\n",
      "2025-10-07 21:14:57.751695-[Miner][-]: mining 60879000\n",
      "2025-10-07 21:14:57.751724-[Miner][-]: mining 60880000\n",
      "2025-10-07 21:14:57.751754-[Miner][-]: mining 60881000\n",
      "2025-10-07 21:14:57.751783-[Miner][-]: mining 60882000\n",
      "2025-10-07 21:14:57.751812-[Miner][-]: mining 60883000\n",
      "2025-10-07 21:14:57.751842-[Miner][-]: mining 60884000\n",
      "2025-10-07 21:14:57.751871-[Miner][-]: mining 60885000\n",
      "2025-10-07 21:14:57.751901-[Miner][-]: mining 60886000\n",
      "2025-10-07 21:14:57.751930-[Miner][-]: mining 60887000\n",
      "2025-10-07 21:14:57.751960-[Miner][-]: mining 60888000\n",
      "2025-10-07 21:14:57.751990-[Miner][-]: mining 60889000\n",
      "2025-10-07 21:14:57.752019-[Miner][-]: mining 60890000\n",
      "2025-10-07 21:14:57.752049-[Miner][-]: mining 60891000\n",
      "2025-10-07 21:14:57.752079-[Miner][-]: mining 60892000\n",
      "2025-10-07 21:14:57.752109-[Miner][-]: mining 60893000\n",
      "2025-10-07 21:14:57.752140-[Miner][-]: mining 60894000\n",
      "2025-10-07 21:14:57.752170-[Miner][-]: mining 60895000\n",
      "2025-10-07 21:14:57.752200-[Miner][-]: mining 60896000\n",
      "2025-10-07 21:14:57.752230-[Miner][-]: mining 60897000\n",
      "2025-10-07 21:14:57.752260-[Miner][-]: mining 60898000\n",
      "2025-10-07 21:14:57.752290-[Miner][-]: mining 60899000\n",
      "2025-10-07 21:14:57.752326-[Miner][-]: mining 60900000\n",
      "2025-10-07 21:14:57.752356-[Miner][-]: mining 60901000\n",
      "2025-10-07 21:14:57.752386-[Miner][-]: mining 60902000\n",
      "2025-10-07 21:14:57.752415-[Miner][-]: mining 60903000\n",
      "2025-10-07 21:14:57.752444-[Miner][-]: mining 60904000\n",
      "2025-10-07 21:14:57.752473-[Miner][-]: mining 60905000\n",
      "2025-10-07 21:14:57.752503-[Miner][-]: mining 60906000\n",
      "2025-10-07 21:14:57.752532-[Miner][-]: mining 60907000\n",
      "2025-10-07 21:14:57.752561-[Miner][-]: mining 60908000\n",
      "2025-10-07 21:14:57.752591-[Miner][-]: mining 60909000\n",
      "2025-10-07 21:14:57.752622-[Miner][-]: mining 60910000\n",
      "2025-10-07 21:14:57.752653-[Miner][-]: mining 60911000\n",
      "2025-10-07 21:14:57.752683-[Miner][-]: mining 60912000\n",
      "2025-10-07 21:14:57.752712-[Miner][-]: mining 60913000\n",
      "2025-10-07 21:14:57.752741-[Miner][-]: mining 60914000\n",
      "2025-10-07 21:14:57.752771-[Miner][-]: mining 60915000\n",
      "2025-10-07 21:14:57.752800-[Miner][-]: mining 60916000\n",
      "2025-10-07 21:14:57.752829-[Miner][-]: mining 60917000\n",
      "2025-10-07 21:14:57.752858-[Miner][-]: mining 60918000\n",
      "2025-10-07 21:14:57.752887-[Miner][-]: mining 60919000\n",
      "2025-10-07 21:14:57.752917-[Miner][-]: mining 60920000\n",
      "2025-10-07 21:14:57.752946-[Miner][-]: mining 60921000\n",
      "2025-10-07 21:14:57.752976-[Miner][-]: mining 60922000\n",
      "2025-10-07 21:14:57.753006-[Miner][-]: mining 60923000\n",
      "2025-10-07 21:14:57.753036-[Miner][-]: mining 60924000\n",
      "2025-10-07 21:14:57.753065-[Miner][-]: mining 60925000\n",
      "2025-10-07 21:14:57.753095-[Miner][-]: mining 60926000\n",
      "2025-10-07 21:14:57.753125-[Miner][-]: mining 60927000\n",
      "2025-10-07 21:14:57.753154-[Miner][-]: mining 60928000\n",
      "2025-10-07 21:14:57.753184-[Miner][-]: mining 60929000\n",
      "2025-10-07 21:14:57.753213-[Miner][-]: mining 60930000\n",
      "2025-10-07 21:14:57.753242-[Miner][-]: mining 60931000\n",
      "2025-10-07 21:14:57.753272-[Miner][-]: mining 60932000\n",
      "2025-10-07 21:14:57.753307-[Miner][-]: mining 60933000\n",
      "2025-10-07 21:14:57.753337-[Miner][-]: mining 60934000\n",
      "2025-10-07 21:14:57.753367-[Miner][-]: mining 60935000\n",
      "2025-10-07 21:14:57.753396-[Miner][-]: mining 60936000\n",
      "2025-10-07 21:14:57.753426-[Miner][-]: mining 60937000\n",
      "2025-10-07 21:14:57.753455-[Miner][-]: mining 60938000\n",
      "2025-10-07 21:14:57.753485-[Miner][-]: mining 60939000\n",
      "2025-10-07 21:14:57.753525-[Miner][-]: mining 60940000\n",
      "2025-10-07 21:14:57.753555-[Miner][-]: mining 60941000\n",
      "2025-10-07 21:14:57.753583-[Miner][-]: mining 60942000\n",
      "2025-10-07 21:14:57.753612-[Miner][-]: mining 60943000\n",
      "2025-10-07 21:14:57.753642-[Miner][-]: mining 60944000\n",
      "2025-10-07 21:14:57.753671-[Miner][-]: mining 60945000\n",
      "2025-10-07 21:14:57.753700-[Miner][-]: mining 60946000\n",
      "2025-10-07 21:14:57.753730-[Miner][-]: mining 60947000\n",
      "2025-10-07 21:14:57.753760-[Miner][-]: mining 60948000\n",
      "2025-10-07 21:14:57.753789-[Miner][-]: mining 60949000\n",
      "2025-10-07 21:14:57.753819-[Miner][-]: mining 60950000\n",
      "2025-10-07 21:14:57.753849-[Miner][-]: mining 60951000\n",
      "2025-10-07 21:14:57.753879-[Miner][-]: mining 60952000\n",
      "2025-10-07 21:14:57.753908-[Miner][-]: mining 60953000\n",
      "2025-10-07 21:14:57.753938-[Miner][-]: mining 60954000\n",
      "2025-10-07 21:14:57.753967-[Miner][-]: mining 60955000\n",
      "2025-10-07 21:14:57.753996-[Miner][-]: mining 60956000\n",
      "2025-10-07 21:14:57.754026-[Miner][-]: mining 60957000\n",
      "2025-10-07 21:14:57.754484-[Miner][-]: mining 60958000\n",
      "2025-10-07 21:14:57.754520-[Miner][-]: mining 60959000\n",
      "2025-10-07 21:14:57.754550-[Miner][-]: mining 60960000\n",
      "2025-10-07 21:14:57.754580-[Miner][-]: mining 60961000\n",
      "2025-10-07 21:14:57.754609-[Miner][-]: mining 60962000\n",
      "2025-10-07 21:14:57.754639-[Miner][-]: mining 60963000\n",
      "2025-10-07 21:14:57.754669-[Miner][-]: mining 60964000\n",
      "2025-10-07 21:14:57.754699-[Miner][-]: mining 60965000\n",
      "2025-10-07 21:14:57.754728-[Miner][-]: mining 60966000\n",
      "2025-10-07 21:14:57.754758-[Miner][-]: mining 60967000\n",
      "2025-10-07 21:14:57.754787-[Miner][-]: mining 60968000\n",
      "2025-10-07 21:14:57.754817-[Miner][-]: mining 60969000\n",
      "2025-10-07 21:14:57.754847-[Miner][-]: mining 60970000\n",
      "2025-10-07 21:14:57.754877-[Miner][-]: mining 60971000\n",
      "2025-10-07 21:14:57.754907-[Miner][-]: mining 60972000\n",
      "2025-10-07 21:14:57.754936-[Miner][-]: mining 60973000\n",
      "2025-10-07 21:14:57.754965-[Miner][-]: mining 60974000\n",
      "2025-10-07 21:14:57.754995-[Miner][-]: mining 60975000\n",
      "2025-10-07 21:14:57.755025-[Miner][-]: mining 60976000\n",
      "2025-10-07 21:14:57.755061-[Miner][-]: mining 60977000\n",
      "2025-10-07 21:14:57.755091-[Miner][-]: mining 60978000\n",
      "2025-10-07 21:14:57.755121-[Miner][-]: mining 60979000\n",
      "2025-10-07 21:14:57.755152-[Miner][-]: mining 60980000\n",
      "2025-10-07 21:14:57.755181-[Miner][-]: mining 60981000\n",
      "2025-10-07 21:14:57.755211-[Miner][-]: mining 60982000\n",
      "2025-10-07 21:14:57.755241-[Miner][-]: mining 60983000\n",
      "2025-10-07 21:14:57.755270-[Miner][-]: mining 60984000\n",
      "2025-10-07 21:14:57.755310-[Miner][-]: mining 60985000\n",
      "2025-10-07 21:14:57.755340-[Miner][-]: mining 60986000\n",
      "2025-10-07 21:14:57.755370-[Miner][-]: mining 60987000\n",
      "2025-10-07 21:14:57.755401-[Miner][-]: mining 60988000\n",
      "2025-10-07 21:14:57.755431-[Miner][-]: mining 60989000\n",
      "2025-10-07 21:14:57.755461-[Miner][-]: mining 60990000\n",
      "2025-10-07 21:14:57.755490-[Miner][-]: mining 60991000\n",
      "2025-10-07 21:14:57.755520-[Miner][-]: mining 60992000\n",
      "2025-10-07 21:14:57.755549-[Miner][-]: mining 60993000\n",
      "2025-10-07 21:14:57.755579-[Miner][-]: mining 60994000\n",
      "2025-10-07 21:14:57.755608-[Miner][-]: mining 60995000\n",
      "2025-10-07 21:14:57.755638-[Miner][-]: mining 60996000\n",
      "2025-10-07 21:14:57.755668-[Miner][-]: mining 60997000\n",
      "2025-10-07 21:14:57.755698-[Miner][-]: mining 60998000\n",
      "2025-10-07 21:14:57.755728-[Miner][-]: mining 60999000\n",
      "2025-10-07 21:14:57.755757-[Miner][-]: mining 61000000\n",
      "2025-10-07 21:14:57.755787-[Miner][-]: mining 61001000\n",
      "2025-10-07 21:14:57.755816-[Miner][-]: mining 61002000\n",
      "2025-10-07 21:14:57.755846-[Miner][-]: mining 61003000\n",
      "2025-10-07 21:14:57.755875-[Miner][-]: mining 61004000\n",
      "2025-10-07 21:14:57.755905-[Miner][-]: mining 61005000\n",
      "2025-10-07 21:14:57.755935-[Miner][-]: mining 61006000\n",
      "2025-10-07 21:14:57.755965-[Miner][-]: mining 61007000\n",
      "2025-10-07 21:14:57.755994-[Miner][-]: mining 61008000\n",
      "2025-10-07 21:14:57.756024-[Miner][-]: mining 61009000\n",
      "2025-10-07 21:14:57.756055-[Miner][-]: mining 61010000\n",
      "2025-10-07 21:14:57.756084-[Miner][-]: mining 61011000\n",
      "2025-10-07 21:14:57.756115-[Miner][-]: mining 61012000\n",
      "2025-10-07 21:14:57.756144-[Miner][-]: mining 61013000\n",
      "2025-10-07 21:14:57.756173-[Miner][-]: mining 61014000\n",
      "2025-10-07 21:14:57.756203-[Miner][-]: mining 61015000\n",
      "2025-10-07 21:14:57.756233-[Miner][-]: mining 61016000\n",
      "2025-10-07 21:14:57.756262-[Miner][-]: mining 61017000\n",
      "2025-10-07 21:14:57.756297-[Miner][-]: mining 61018000\n",
      "2025-10-07 21:14:57.756327-[Miner][-]: mining 61019000\n",
      "2025-10-07 21:14:57.756356-[Miner][-]: mining 61020000\n",
      "2025-10-07 21:14:57.756386-[Miner][-]: mining 61021000\n",
      "2025-10-07 21:14:57.756415-[Miner][-]: mining 61022000\n",
      "2025-10-07 21:14:57.756445-[Miner][-]: mining 61023000\n",
      "2025-10-07 21:14:57.756476-[Miner][-]: mining 61024000\n",
      "2025-10-07 21:14:57.756505-[Miner][-]: mining 61025000\n",
      "2025-10-07 21:14:57.756535-[Miner][-]: mining 61026000\n",
      "2025-10-07 21:14:57.756565-[Miner][-]: mining 61027000\n",
      "2025-10-07 21:14:57.756594-[Miner][-]: mining 61028000\n",
      "2025-10-07 21:14:57.756623-[Miner][-]: mining 61029000\n",
      "2025-10-07 21:14:57.756653-[Miner][-]: mining 61030000\n",
      "2025-10-07 21:14:57.756683-[Miner][-]: mining 61031000\n",
      "2025-10-07 21:14:57.756712-[Miner][-]: mining 61032000\n",
      "2025-10-07 21:14:57.756741-[Miner][-]: mining 61033000\n",
      "2025-10-07 21:14:57.756771-[Miner][-]: mining 61034000\n",
      "2025-10-07 21:14:57.756800-[Miner][-]: mining 61035000\n",
      "2025-10-07 21:14:57.756830-[Miner][-]: mining 61036000\n",
      "2025-10-07 21:14:57.756859-[Miner][-]: mining 61037000\n",
      "2025-10-07 21:14:57.756889-[Miner][-]: mining 61038000\n",
      "2025-10-07 21:14:57.756919-[Miner][-]: mining 61039000\n",
      "2025-10-07 21:14:57.756948-[Miner][-]: mining 61040000\n",
      "2025-10-07 21:14:57.756978-[Miner][-]: mining 61041000\n",
      "2025-10-07 21:14:57.757007-[Miner][-]: mining 61042000\n",
      "2025-10-07 21:14:57.757037-[Miner][-]: mining 61043000\n",
      "2025-10-07 21:14:57.757067-[Miner][-]: mining 61044000\n",
      "2025-10-07 21:14:57.757096-[Miner][-]: mining 61045000\n",
      "2025-10-07 21:14:57.757126-[Miner][-]: mining 61046000\n",
      "2025-10-07 21:14:57.757156-[Miner][-]: mining 61047000\n",
      "2025-10-07 21:14:57.757185-[Miner][-]: mining 61048000\n",
      "2025-10-07 21:14:57.757215-[Miner][-]: mining 61049000\n",
      "2025-10-07 21:14:57.757245-[Miner][-]: mining 61050000\n",
      "2025-10-07 21:14:57.757275-[Miner][-]: mining 61051000\n",
      "2025-10-07 21:14:57.757312-[Miner][-]: mining 61052000\n",
      "2025-10-07 21:14:57.757342-[Miner][-]: mining 61053000\n",
      "2025-10-07 21:14:57.757372-[Miner][-]: mining 61054000\n",
      "2025-10-07 21:14:57.757402-[Miner][-]: mining 61055000\n",
      "2025-10-07 21:14:57.757431-[Miner][-]: mining 61056000\n",
      "2025-10-07 21:14:57.757461-[Miner][-]: mining 61057000\n",
      "2025-10-07 21:14:57.757491-[Miner][-]: mining 61058000\n",
      "2025-10-07 21:14:57.757521-[Miner][-]: mining 61059000\n",
      "2025-10-07 21:14:57.757551-[Miner][-]: mining 61060000\n",
      "2025-10-07 21:14:57.757580-[Miner][-]: mining 61061000\n",
      "2025-10-07 21:14:57.757609-[Miner][-]: mining 61062000\n",
      "2025-10-07 21:14:57.757639-[Miner][-]: mining 61063000\n",
      "2025-10-07 21:14:57.757669-[Miner][-]: mining 61064000\n",
      "2025-10-07 21:14:57.757699-[Miner][-]: mining 61065000\n",
      "2025-10-07 21:14:57.757729-[Miner][-]: mining 61066000\n",
      "2025-10-07 21:14:57.757758-[Miner][-]: mining 61067000\n",
      "2025-10-07 21:14:57.757787-[Miner][-]: mining 61068000\n",
      "2025-10-07 21:14:57.757816-[Miner][-]: mining 61069000\n",
      "2025-10-07 21:14:57.757846-[Miner][-]: mining 61070000\n",
      "2025-10-07 21:14:57.757875-[Miner][-]: mining 61071000\n",
      "2025-10-07 21:14:57.757906-[Miner][-]: mining 61072000\n",
      "2025-10-07 21:14:57.757935-[Miner][-]: mining 61073000\n",
      "2025-10-07 21:14:57.757965-[Miner][-]: mining 61074000\n",
      "2025-10-07 21:14:57.757994-[Miner][-]: mining 61075000\n",
      "2025-10-07 21:14:57.758023-[Miner][-]: mining 61076000\n",
      "2025-10-07 21:14:57.758053-[Miner][-]: mining 61077000\n",
      "2025-10-07 21:14:57.758082-[Miner][-]: mining 61078000\n",
      "2025-10-07 21:14:57.758112-[Miner][-]: mining 61079000\n",
      "2025-10-07 21:14:57.758142-[Miner][-]: mining 61080000\n",
      "2025-10-07 21:14:57.758172-[Miner][-]: mining 61081000\n",
      "2025-10-07 21:14:57.758206-[Miner][-]: mining 61082000\n",
      "2025-10-07 21:14:57.758236-[Miner][-]: mining 61083000\n",
      "2025-10-07 21:14:57.758266-[Miner][-]: mining 61084000\n",
      "2025-10-07 21:14:57.758302-[Miner][-]: mining 61085000\n",
      "2025-10-07 21:14:57.758333-[Miner][-]: mining 61086000\n",
      "2025-10-07 21:14:57.758363-[Miner][-]: mining 61087000\n",
      "2025-10-07 21:14:57.758392-[Miner][-]: mining 61088000\n",
      "2025-10-07 21:14:57.758422-[Miner][-]: mining 61089000\n",
      "2025-10-07 21:14:57.758451-[Miner][-]: mining 61090000\n",
      "2025-10-07 21:14:57.758481-[Miner][-]: mining 61091000\n",
      "2025-10-07 21:14:57.758511-[Miner][-]: mining 61092000\n",
      "2025-10-07 21:14:57.758541-[Miner][-]: mining 61093000\n",
      "2025-10-07 21:14:57.758572-[Miner][-]: mining 61094000\n",
      "2025-10-07 21:14:57.758601-[Miner][-]: mining 61095000\n",
      "2025-10-07 21:14:57.758631-[Miner][-]: mining 61096000\n",
      "2025-10-07 21:14:57.758660-[Miner][-]: mining 61097000\n",
      "2025-10-07 21:14:57.758689-[Miner][-]: mining 61098000\n",
      "2025-10-07 21:14:57.758718-[Miner][-]: mining 61099000\n",
      "2025-10-07 21:14:57.758747-[Miner][-]: mining 61100000\n",
      "2025-10-07 21:14:57.758776-[Miner][-]: mining 61101000\n",
      "2025-10-07 21:14:57.758805-[Miner][-]: mining 61102000\n",
      "2025-10-07 21:14:57.758835-[Miner][-]: mining 61103000\n",
      "2025-10-07 21:14:57.758864-[Miner][-]: mining 61104000\n",
      "2025-10-07 21:14:57.758894-[Miner][-]: mining 61105000\n",
      "2025-10-07 21:14:57.758923-[Miner][-]: mining 61106000\n",
      "2025-10-07 21:14:57.758951-[Miner][-]: mining 61107000\n",
      "2025-10-07 21:14:57.758981-[Miner][-]: mining 61108000\n",
      "2025-10-07 21:14:57.759011-[Miner][-]: mining 61109000\n",
      "2025-10-07 21:14:57.759041-[Miner][-]: mining 61110000\n",
      "2025-10-07 21:14:57.759070-[Miner][-]: mining 61111000\n",
      "2025-10-07 21:14:57.759101-[Miner][-]: mining 61112000\n",
      "2025-10-07 21:14:57.759130-[Miner][-]: mining 61113000\n",
      "2025-10-07 21:14:57.759160-[Miner][-]: mining 61114000\n",
      "2025-10-07 21:14:57.759189-[Miner][-]: mining 61115000\n",
      "2025-10-07 21:14:57.759219-[Miner][-]: mining 61116000\n",
      "2025-10-07 21:14:57.759249-[Miner][-]: mining 61117000\n",
      "2025-10-07 21:14:57.759279-[Miner][-]: mining 61118000\n",
      "2025-10-07 21:14:57.759315-[Miner][-]: mining 61119000\n",
      "2025-10-07 21:14:57.759345-[Miner][-]: mining 61120000\n",
      "2025-10-07 21:14:57.759374-[Miner][-]: mining 61121000\n",
      "2025-10-07 21:14:57.759404-[Miner][-]: mining 61122000\n",
      "2025-10-07 21:14:57.759434-[Miner][-]: mining 61123000\n",
      "2025-10-07 21:14:57.759464-[Miner][-]: mining 61124000\n",
      "2025-10-07 21:14:57.759493-[Miner][-]: mining 61125000\n",
      "2025-10-07 21:14:57.759524-[Miner][-]: mining 61126000\n",
      "2025-10-07 21:14:57.759553-[Miner][-]: mining 61127000\n",
      "2025-10-07 21:14:57.759583-[Miner][-]: mining 61128000\n",
      "2025-10-07 21:14:57.759612-[Miner][-]: mining 61129000\n",
      "2025-10-07 21:14:57.759643-[Miner][-]: mining 61130000\n",
      "2025-10-07 21:14:57.759673-[Miner][-]: mining 61131000\n",
      "2025-10-07 21:14:57.759702-[Miner][-]: mining 61132000\n",
      "2025-10-07 21:14:57.759731-[Miner][-]: mining 61133000\n",
      "2025-10-07 21:14:57.759761-[Miner][-]: mining 61134000\n",
      "2025-10-07 21:14:57.759791-[Miner][-]: mining 61135000\n",
      "2025-10-07 21:14:57.759820-[Miner][-]: mining 61136000\n",
      "2025-10-07 21:14:57.759850-[Miner][-]: mining 61137000\n",
      "2025-10-07 21:14:57.759880-[Miner][-]: mining 61138000\n",
      "2025-10-07 21:14:57.759909-[Miner][-]: mining 61139000\n",
      "2025-10-07 21:14:57.759939-[Miner][-]: mining 61140000\n",
      "2025-10-07 21:14:57.759968-[Miner][-]: mining 61141000\n",
      "2025-10-07 21:14:57.759997-[Miner][-]: mining 61142000\n",
      "2025-10-07 21:14:57.760027-[Miner][-]: mining 61143000\n",
      "2025-10-07 21:14:57.760057-[Miner][-]: mining 61144000\n",
      "2025-10-07 21:14:57.760086-[Miner][-]: mining 61145000\n",
      "2025-10-07 21:14:57.760116-[Miner][-]: mining 61146000\n",
      "2025-10-07 21:14:57.760146-[Miner][-]: mining 61147000\n",
      "2025-10-07 21:14:57.760176-[Miner][-]: mining 61148000\n",
      "2025-10-07 21:14:57.760206-[Miner][-]: mining 61149000\n",
      "2025-10-07 21:14:57.760236-[Miner][-]: mining 61150000\n",
      "2025-10-07 21:14:57.760266-[Miner][-]: mining 61151000\n",
      "2025-10-07 21:14:57.760302-[Miner][-]: mining 61152000\n",
      "2025-10-07 21:14:57.760332-[Miner][-]: mining 61153000\n",
      "2025-10-07 21:14:57.760362-[Miner][-]: mining 61154000\n",
      "2025-10-07 21:14:57.760395-[Miner][-]: mining 61155000\n",
      "2025-10-07 21:14:57.760425-[Miner][-]: mining 61156000\n",
      "2025-10-07 21:14:57.760456-[Miner][-]: mining 61157000\n",
      "2025-10-07 21:14:57.760485-[Miner][-]: mining 61158000\n",
      "2025-10-07 21:14:57.760515-[Miner][-]: mining 61159000\n",
      "2025-10-07 21:14:57.760544-[Miner][-]: mining 61160000\n",
      "2025-10-07 21:14:57.760574-[Miner][-]: mining 61161000\n",
      "2025-10-07 21:14:57.760604-[Miner][-]: mining 61162000\n",
      "2025-10-07 21:14:57.760634-[Miner][-]: mining 61163000\n",
      "2025-10-07 21:14:57.760667-[Miner][-]: mining 61164000\n",
      "2025-10-07 21:14:57.760697-[Miner][-]: mining 61165000\n",
      "2025-10-07 21:14:57.760727-[Miner][-]: mining 61166000\n",
      "2025-10-07 21:14:57.760757-[Miner][-]: mining 61167000\n",
      "2025-10-07 21:14:57.760787-[Miner][-]: mining 61168000\n",
      "2025-10-07 21:14:57.760816-[Miner][-]: mining 61169000\n",
      "2025-10-07 21:14:57.760846-[Miner][-]: mining 61170000\n",
      "2025-10-07 21:14:57.760876-[Miner][-]: mining 61171000\n",
      "2025-10-07 21:14:57.760905-[Miner][-]: mining 61172000\n",
      "2025-10-07 21:14:57.760935-[Miner][-]: mining 61173000\n",
      "2025-10-07 21:14:57.760964-[Miner][-]: mining 61174000\n",
      "2025-10-07 21:14:57.760993-[Miner][-]: mining 61175000\n",
      "2025-10-07 21:14:57.761022-[Miner][-]: mining 61176000\n",
      "2025-10-07 21:14:57.761053-[Miner][-]: mining 61177000\n",
      "2025-10-07 21:14:57.761084-[Miner][-]: mining 61178000\n",
      "2025-10-07 21:14:57.761114-[Miner][-]: mining 61179000\n",
      "2025-10-07 21:14:57.761144-[Miner][-]: mining 61180000\n",
      "2025-10-07 21:14:57.761173-[Miner][-]: mining 61181000\n",
      "2025-10-07 21:14:57.761203-[Miner][-]: mining 61182000\n",
      "2025-10-07 21:14:57.761232-[Miner][-]: mining 61183000\n",
      "2025-10-07 21:14:57.761261-[Miner][-]: mining 61184000\n",
      "2025-10-07 21:14:57.761298-[Miner][-]: mining 61185000\n",
      "2025-10-07 21:14:57.761329-[Miner][-]: mining 61186000\n",
      "2025-10-07 21:14:57.761359-[Miner][-]: mining 61187000\n",
      "2025-10-07 21:14:57.761389-[Miner][-]: mining 61188000\n",
      "2025-10-07 21:14:57.761419-[Miner][-]: mining 61189000\n",
      "2025-10-07 21:14:57.761448-[Miner][-]: mining 61190000\n",
      "2025-10-07 21:14:57.761478-[Miner][-]: mining 61191000\n",
      "2025-10-07 21:14:57.761508-[Miner][-]: mining 61192000\n",
      "2025-10-07 21:14:57.761538-[Miner][-]: mining 61193000\n",
      "2025-10-07 21:14:57.761567-[Miner][-]: mining 61194000\n",
      "2025-10-07 21:14:57.761596-[Miner][-]: mining 61195000\n",
      "2025-10-07 21:14:57.761626-[Miner][-]: mining 61196000\n",
      "2025-10-07 21:14:57.761655-[Miner][-]: mining 61197000\n",
      "2025-10-07 21:14:57.761685-[Miner][-]: mining 61198000\n",
      "2025-10-07 21:14:57.761715-[Miner][-]: mining 61199000\n",
      "2025-10-07 21:14:57.761744-[Miner][-]: mining 61200000\n",
      "2025-10-07 21:14:57.761774-[Miner][-]: mining 61201000\n",
      "2025-10-07 21:14:57.761803-[Miner][-]: mining 61202000\n",
      "2025-10-07 21:14:57.761833-[Miner][-]: mining 61203000\n",
      "2025-10-07 21:14:57.761862-[Miner][-]: mining 61204000\n",
      "2025-10-07 21:14:57.761892-[Miner][-]: mining 61205000\n",
      "2025-10-07 21:14:57.761921-[Miner][-]: mining 61206000\n",
      "2025-10-07 21:14:57.761951-[Miner][-]: mining 61207000\n",
      "2025-10-07 21:14:57.761980-[Miner][-]: mining 61208000\n",
      "2025-10-07 21:14:57.762010-[Miner][-]: mining 61209000\n",
      "2025-10-07 21:14:57.762039-[Miner][-]: mining 61210000\n",
      "2025-10-07 21:14:57.762068-[Miner][-]: mining 61211000\n",
      "2025-10-07 21:14:57.762097-[Miner][-]: mining 61212000\n",
      "2025-10-07 21:14:57.762127-[Miner][-]: mining 61213000\n",
      "2025-10-07 21:14:57.762157-[Miner][-]: mining 61214000\n",
      "2025-10-07 21:14:57.762187-[Miner][-]: mining 61215000\n",
      "2025-10-07 21:14:57.762216-[Miner][-]: mining 61216000\n",
      "2025-10-07 21:14:57.762245-[Miner][-]: mining 61217000\n",
      "2025-10-07 21:14:57.762275-[Miner][-]: mining 61218000\n",
      "2025-10-07 21:14:57.762311-[Miner][-]: mining 61219000\n",
      "2025-10-07 21:14:57.762340-[Miner][-]: mining 61220000\n",
      "2025-10-07 21:14:57.762370-[Miner][-]: mining 61221000\n",
      "2025-10-07 21:14:57.762399-[Miner][-]: mining 61222000\n",
      "2025-10-07 21:14:57.762428-[Miner][-]: mining 61223000\n",
      "2025-10-07 21:14:57.762458-[Miner][-]: mining 61224000\n",
      "2025-10-07 21:14:57.762488-[Miner][-]: mining 61225000\n",
      "2025-10-07 21:14:57.762517-[Miner][-]: mining 61226000\n",
      "2025-10-07 21:14:57.762546-[Miner][-]: mining 61227000\n",
      "2025-10-07 21:14:57.762576-[Miner][-]: mining 61228000\n",
      "2025-10-07 21:14:57.762605-[Miner][-]: mining 61229000\n",
      "2025-10-07 21:14:57.762635-[Miner][-]: mining 61230000\n",
      "2025-10-07 21:14:57.762664-[Miner][-]: mining 61231000\n",
      "2025-10-07 21:14:57.762693-[Miner][-]: mining 61232000\n",
      "2025-10-07 21:14:57.762723-[Miner][-]: mining 61233000\n",
      "2025-10-07 21:14:57.762753-[Miner][-]: mining 61234000\n",
      "2025-10-07 21:14:57.762782-[Miner][-]: mining 61235000\n",
      "2025-10-07 21:14:57.762811-[Miner][-]: mining 61236000\n",
      "2025-10-07 21:14:57.762840-[Miner][-]: mining 61237000\n",
      "2025-10-07 21:14:57.762870-[Miner][-]: mining 61238000\n",
      "2025-10-07 21:14:57.762900-[Miner][-]: mining 61239000\n",
      "2025-10-07 21:14:57.762928-[Miner][-]: mining 61240000\n",
      "2025-10-07 21:14:57.762958-[Miner][-]: mining 61241000\n",
      "2025-10-07 21:14:57.762988-[Miner][-]: mining 61242000\n",
      "2025-10-07 21:14:57.763017-[Miner][-]: mining 61243000\n",
      "2025-10-07 21:14:57.763047-[Miner][-]: mining 61244000\n",
      "2025-10-07 21:14:57.763076-[Miner][-]: mining 61245000\n",
      "2025-10-07 21:14:57.763117-[Miner][-]: mining 61246000\n",
      "2025-10-07 21:14:57.763147-[Miner][-]: mining 61247000\n",
      "2025-10-07 21:14:57.763177-[Miner][-]: mining 61248000\n",
      "2025-10-07 21:14:57.763206-[Miner][-]: mining 61249000\n",
      "2025-10-07 21:14:57.763236-[Miner][-]: mining 61250000\n",
      "2025-10-07 21:14:57.763265-[Miner][-]: mining 61251000\n",
      "2025-10-07 21:14:57.763303-[Miner][-]: mining 61252000\n",
      "2025-10-07 21:14:57.763332-[Miner][-]: mining 61253000\n",
      "2025-10-07 21:14:57.763362-[Miner][-]: mining 61254000\n",
      "2025-10-07 21:14:57.763391-[Miner][-]: mining 61255000\n",
      "2025-10-07 21:14:57.763421-[Miner][-]: mining 61256000\n",
      "2025-10-07 21:14:57.763451-[Miner][-]: mining 61257000\n",
      "2025-10-07 21:14:57.763481-[Miner][-]: mining 61258000\n",
      "2025-10-07 21:14:57.763510-[Miner][-]: mining 61259000\n",
      "2025-10-07 21:14:57.763540-[Miner][-]: mining 61260000\n",
      "2025-10-07 21:14:57.763569-[Miner][-]: mining 61261000\n",
      "2025-10-07 21:14:57.763599-[Miner][-]: mining 61262000\n",
      "2025-10-07 21:14:57.763629-[Miner][-]: mining 61263000\n",
      "2025-10-07 21:14:57.763659-[Miner][-]: mining 61264000\n",
      "2025-10-07 21:14:57.763689-[Miner][-]: mining 61265000\n",
      "2025-10-07 21:14:57.763718-[Miner][-]: mining 61266000\n",
      "2025-10-07 21:14:57.763748-[Miner][-]: mining 61267000\n",
      "2025-10-07 21:14:57.763778-[Miner][-]: mining 61268000\n",
      "2025-10-07 21:14:57.763807-[Miner][-]: mining 61269000\n",
      "2025-10-07 21:14:57.763837-[Miner][-]: mining 61270000\n",
      "2025-10-07 21:14:57.763867-[Miner][-]: mining 61271000\n",
      "2025-10-07 21:14:57.763896-[Miner][-]: mining 61272000\n",
      "2025-10-07 21:14:57.763925-[Miner][-]: mining 61273000\n",
      "2025-10-07 21:14:57.763954-[Miner][-]: mining 61274000\n",
      "2025-10-07 21:14:57.763984-[Miner][-]: mining 61275000\n",
      "2025-10-07 21:14:57.764013-[Miner][-]: mining 61276000\n",
      "2025-10-07 21:14:57.764043-[Miner][-]: mining 61277000\n",
      "2025-10-07 21:14:57.764073-[Miner][-]: mining 61278000\n",
      "2025-10-07 21:14:57.764102-[Miner][-]: mining 61279000\n",
      "2025-10-07 21:14:57.764131-[Miner][-]: mining 61280000\n",
      "2025-10-07 21:14:57.764161-[Miner][-]: mining 61281000\n",
      "2025-10-07 21:14:57.764190-[Miner][-]: mining 61282000\n",
      "2025-10-07 21:14:57.764219-[Miner][-]: mining 61283000\n",
      "2025-10-07 21:14:57.764249-[Miner][-]: mining 61284000\n",
      "2025-10-07 21:14:57.764278-[Miner][-]: mining 61285000\n",
      "2025-10-07 21:14:57.764315-[Miner][-]: mining 61286000\n",
      "2025-10-07 21:14:57.764345-[Miner][-]: mining 61287000\n",
      "2025-10-07 21:14:57.764375-[Miner][-]: mining 61288000\n",
      "2025-10-07 21:14:57.764405-[Miner][-]: mining 61289000\n",
      "2025-10-07 21:14:57.764434-[Miner][-]: mining 61290000\n",
      "2025-10-07 21:14:57.764464-[Miner][-]: mining 61291000\n",
      "2025-10-07 21:14:57.764494-[Miner][-]: mining 61292000\n",
      "2025-10-07 21:14:57.764524-[Miner][-]: mining 61293000\n",
      "2025-10-07 21:14:57.764554-[Miner][-]: mining 61294000\n",
      "2025-10-07 21:14:57.764583-[Miner][-]: mining 61295000\n",
      "2025-10-07 21:14:57.764612-[Miner][-]: mining 61296000\n",
      "2025-10-07 21:14:57.764642-[Miner][-]: mining 61297000\n",
      "2025-10-07 21:14:57.764672-[Miner][-]: mining 61298000\n",
      "2025-10-07 21:14:57.764702-[Miner][-]: mining 61299000\n",
      "2025-10-07 21:14:57.764732-[Miner][-]: mining 61300000\n",
      "2025-10-07 21:14:57.764761-[Miner][-]: mining 61301000\n",
      "2025-10-07 21:14:57.764790-[Miner][-]: mining 61302000\n",
      "2025-10-07 21:14:57.764819-[Miner][-]: mining 61303000\n",
      "2025-10-07 21:14:57.764849-[Miner][-]: mining 61304000\n",
      "2025-10-07 21:15:01.749970-[Miner][-]: mining 61305000\n",
      "2025-10-07 21:15:01.750220-[Miner][-]: mining 61306000\n",
      "2025-10-07 21:15:01.750270-[Miner][-]: mining 61307000\n",
      "2025-10-07 21:15:01.750337-[Miner][-]: mining 61308000\n",
      "2025-10-07 21:15:01.750369-[Miner][-]: mining 61309000\n",
      "2025-10-07 21:15:01.750399-[Miner][-]: mining 61310000\n",
      "2025-10-07 21:15:01.750431-[Miner][-]: mining 61311000\n",
      "2025-10-07 21:15:01.750461-[Miner][-]: mining 61312000\n",
      "2025-10-07 21:15:01.750493-[Miner][-]: mining 61313000\n",
      "2025-10-07 21:15:01.750524-[Miner][-]: mining 61314000\n",
      "2025-10-07 21:15:01.750554-[Miner][-]: mining 61315000\n",
      "2025-10-07 21:15:01.750585-[Miner][-]: mining 61316000\n",
      "2025-10-07 21:15:01.750615-[Miner][-]: mining 61317000\n",
      "2025-10-07 21:15:01.750645-[Miner][-]: mining 61318000\n",
      "2025-10-07 21:15:01.750675-[Miner][-]: mining 61319000\n",
      "2025-10-07 21:15:01.750705-[Miner][-]: mining 61320000\n",
      "2025-10-07 21:15:01.750735-[Miner][-]: mining 61321000\n",
      "2025-10-07 21:15:01.750766-[Miner][-]: mining 61322000\n",
      "2025-10-07 21:15:01.750796-[Miner][-]: mining 61323000\n",
      "2025-10-07 21:15:01.750826-[Miner][-]: mining 61324000\n",
      "2025-10-07 21:15:01.750856-[Miner][-]: mining 61325000\n",
